0 5084 6192
1 4683 7514
2 1646 7592
3 2181 7235
4 7732 1242
5 180 153
6 6369 6032
7 859 4292
8 3533 5243
9 2250 298
10 2426 3982
11 749 2163
12 6113 1216
13 7511 1289
14 4293 1661
15 120 5347
16 9465 4175
17 6625 426
18 3341 5935
19 6225 1814
20 7347 529
21 6791 7683
22 1784 6922
23 5097 8683
24 6749 4235
25 8484 9410
26 6368 4717
27 8931 1300
28 7752 4848
29 4539 4270
30 9000 3537
31 8979 3571
32 6474 184
33 7102 5998
34 7524 9776
35 6472 8040
36 1872 4345
37 5581 8978
38 3783 1822
39 558 1576
40 3636 8276
41 6946 2982
42 7410 7083
43 2222 8415
44 9265 8414
45 3658 8964
46 2493 3523
47 2855 1078
48 7465 9794
49 8455 4888
50 5440 7428
51 3404 6188
52 5469 9153
53 9159 7785
54 2216 5885
55 2220 9424
56 5921 157
57 6525 7002
58 3879 8425
59 7065 6219
60 416 9751
61 779 7029
62 7129 7588
63 1766 9057
64 135 5259
65 8706 6989
66 3470 7214
67 929 694
68 4122 1133
69 8752 8262
70 8944 5092
71 8545 8398
72 8091 3210
73 9852 6470
74 3987 5076
75 7965 4902
76 1109 8539
77 820 2915
78 410 2535
79 7611 6906
80 9378 9285
81 4887 6547
82 8803 352
83 3194 7345
84 1901 9904
85 1072 9555
86 2698 5968
87 6491 7012
88 9776 9631
89 7172 4502
90 8261 4884
91 7734 5417
92 8512 6994
93 6315 176
94 8822 3620
95 4875 9582
96 7524 7739
97 5823 4772
98 608 9326
99 234 7493
